Time,Position X,Position Y
1772589196.2238462,2.4898486945669425,-1.756228095461445
1772589196.2438903,2.489089435175572,-1.754596273821944
1772589196.263813,2.4883301835017777,-1.7529644586740811
1772589196.2837605,2.4875708757168415,-1.7513325864686486
1772589196.3039324,2.486659689735227,-1.7493743011075182
1772589196.3239427,2.4860522198845154,-1.7480687553393162
1772589196.3438203,2.485292912081363,-1.7464368367128733
1772589196.3637779,2.4845336102408355,-1.7448049207743568
1772589196.3837438,2.483774339540575,-1.743173065529782
1772589196.4038227,2.483015065249869,-1.7415412030236903
1772589196.423879,2.4822558587472794,-1.7399093933171341
1772589196.4438477,2.481496587545478,-1.7382775005874007
1772589196.4640162,2.4807372999567128,-1.7366455828980092
1772589196.4838564,2.4799780460319782,-1.7350137276560096
1772589196.5039911,2.479218791249497,-1.7333818706161173
1772589196.5238988,2.4784595606973183,-1.7317500139766855
1772589196.543845,2.4776244100125253,-1.7299549898048834
1772589196.5639172,2.4769411088042292,-1.7284863410986904
1772589196.583873,2.4761818514920435,-1.7268544614398216
1772589196.6039722,2.475422591872009,-1.725222578322985
1772589196.6241124,2.4746632853489228,-1.7235906114883783
1772589196.643929,2.473752187590281,-1.7216323620343161
1772589196.6637988,2.473144814755378,-1.720326902046738
1772589196.6837916,2.472385585729913,-1.7186950472912537
1772589196.703825,2.471626354175135,-1.7170631865512223
1772589196.723935,2.4709806576625644,-1.715556758931352
1772589196.7439008,2.47022171012501,-1.7139251863341025
1772589196.7638633,2.4694623876115775,-1.7122932560102067
1772589196.7837582,2.468703137893787,-1.7106613571218559
1772589196.803835,2.4679438731595216,-1.7090294297039292
1772589196.823829,2.4671846614817454,-1.7073975854424897
1772589196.8438497,2.466425448407923,-1.7057657387973586
1772589196.8639307,2.465666232211264,-1.7041338811355264
1772589196.8840518,2.464831075315653,-1.7023388024310935
1772589196.9040477,2.4641477570951826,-1.7008700860631696
1772589196.9238508,2.4634386134210757,-1.699336564718587
1772589196.9440622,2.4626370299504967,-1.6976137744991766
1772589196.963869,2.461836642008561,-1.6958930008794282
1772589196.9837496,2.4608462158203106,-1.6937643816140213
1772589197.003915,2.4601731393424493,-1.6923180569361964
1772589197.0238109,2.459330258816455,-1.6905064047853642
1772589197.0438557,2.45848707190205,-1.6886940032020965
1772589197.0638406,2.457645230173459,-1.6868847919437289
1772589197.0838,2.4568032291698465,-1.685075201408834
1772589197.1040347,2.455902826939713,-1.6831399312599202
1772589197.123912,2.455018227397011,-1.6812384284139539
1772589197.1438067,2.454132958614279,-1.679335399115674
1772589197.1637857,2.453247579802696,-1.677432044673312
1772589197.183749,2.452362204212731,-1.6755286993183582
1772589197.2038589,2.4514251778934772,-1.6735150060209891
1772589197.2240627,2.4504082750671374,-1.671329173010405
1772589197.243703,2.4495761098259403,-1.6695403099256898
1772589197.2638285,2.4486503028907136,-1.667550124153646
1772589197.2838006,2.447724412004573,-1.6655597554681865
1772589197.3038392,2.446799991695911,-1.6635727980817212
1772589197.323861,2.4456884458917534,-1.6611833599843644
1772589197.3439946,2.4449466080564846,-1.659588575293307
1772589197.363841,2.4440193248883566,-1.6575950470157854
1772589197.383727,2.4430920445686595,-1.65560150924589
1772589197.4038787,2.4421673864174696,-1.6536139985853313
1772589197.4241025,2.441242417027511,-1.6516257717423175
1772589197.4438748,2.440311097569615,-1.6496234082793384
1772589197.4639566,2.4393847768581973,-1.6476322322758923
1772589197.4837744,2.438459601255004,-1.6456436269313963
1772589197.5040846,2.4375303044015943,-1.6436457525309243
1772589197.5239246,2.436554664457661,-1.6415482581345402
1772589197.5440557,2.435630666669936,-1.6395623593071604
1772589197.5637589,2.43465644311269,-1.6374680614256487
1772589197.5837681,2.4337740142339346,-1.6355709844013795
1772589197.6041462,2.432848291195187,-1.633581230525308
1772589197.6239836,2.4319226359304955,-1.6315916308450094
1772589197.644059,2.4309965661788016,-1.6296007893239324
1772589197.6637673,2.4300705874416613,-1.6276102183663812
1772589197.6837332,2.429079654124885,-1.625480361669177
1772589197.703824,2.4281123851723834,-1.6234009816157062
1772589197.7239165,2.4271450817499756,-1.621321492094817
1772589197.744018,2.4261750613134523,-1.61923598051713
1772589197.763842,2.4252054790912556,-1.6171514395482958
1772589197.7840123,2.4241785653615655,-1.6149443857580223
1772589197.803873,2.423169948314425,-1.6127762659785716
1772589197.8237686,2.422161254895802,-1.6106079358139642
1772589197.8441114,2.421152124295153,-1.6084384786852208
1772589197.8638175,2.4201430275842752,-1.6062691081436404
1772589197.8840787,2.419127248949533,-1.6040851504590403
1772589197.9039173,2.418035587679721,-1.6017383079237149
1772589197.9240491,2.4170373297892787,-1.5995923381133323
1772589197.9440613,2.4159867569847244,-1.5973337682460418
1772589197.9640021,2.4149361878825184,-1.595075203597573
1772589197.9837613,2.4138781739394672,-1.5928003844037821
1772589198.0038688,2.412821783982575,-1.5905291103005679
1772589198.023953,2.41169724433168,-1.588111235581088
1772589198.043874,2.4106047675328557,-1.5857627368775986
1772589198.0640917,2.4095131961885943,-1.583416238075106
1772589198.0838604,2.4084127939267046,-1.5810501798466163
1772589198.1038084,2.407313760075379,-1.5786871521777586
1772589198.1239758,2.406224913454564,-1.5763466724420978
1772589198.1439807,2.4051324917750048,-1.573998153249675
1772589198.1638052,2.4040400034544223,-1.571649450363198
1772589198.1838784,2.402941284679802,-1.5692870678827802
1772589198.2037978,2.4018430455036626,-1.5669257377575305
1772589198.2238314,2.4007525835865176,-1.564581704753069
1772589198.2439365,2.3996040747892313,-1.562112483161636
1772589198.2637708,2.398564457823369,-1.559877276942075
1772589198.2840197,2.3974663143284887,-1.5575161392945822
1772589198.3037765,2.3963680889835417,-1.5551548233073584
1772589198.3238966,2.395271339938934,-1.5527967515530214
1772589198.3441753,2.394174261184875,-1.5504379547677005
1772589198.3637934,2.393083013321688,-1.548092329991262
1772589198.3840153,2.391989215780618,-1.5457406842628385
1772589198.4039752,2.390895366039612,-1.5433888864724092
1772589198.4240274,2.3897966013182876,-1.5410263876248385
1772589198.4438043,2.388698598372938,-1.5386655467332733
1772589198.463811,2.3876063664783533,-1.5363176954376545
1772589198.48377,2.3865108478597734,-1.5339623592445235
1772589198.503916,2.385414926776688,-1.53160609272299
1772589198.5238092,2.3843169505200303,-1.5292453419076608
1772589198.5439157,2.383219147825029,-1.5268849694639248
1772589198.5638738,2.382126068924811,-1.5245354196757868
1772589198.5837054,2.380976818610749,-1.522064686781654
1772589198.6038916,2.379936966432003,-1.519829047760034
1772589198.6239042,2.3788409529921672,-1.5174724876855745
1772589198.6439047,2.3777449087990066,-1.515115857554341
1772589198.6639183,2.3766506784283754,-1.512763718488365
1772589198.6836815,2.3755560524872164,-1.5104105998945287
1772589198.7039876,2.37446119639894,-1.5080565068787015
1772589198.7238574,2.3733640709375177,-1.5056977987926319
1772589198.743807,2.3722666647463737,-1.5033384989525946
1772589198.763792,2.3711718990716353,-1.50098414733886
1772589198.7839072,2.3700767238416387,-1.4986290292019733
1772589198.8038764,2.3689817691958286,-1.49627528254829
1772589198.8240547,2.3678849356335676,-1.4939171348033866
1772589198.8437488,2.366787589578379,-1.4915578638821754
1772589198.863826,2.365692923676303,-1.4892040357004832
1772589198.8838267,2.3645980520137915,-1.4868497885638887
1772589198.9038954,2.3635027021700097,-1.4844948231986865
1772589198.9238307,2.3624464171334747,-1.482273141341745
1772589198.9437802,2.361406172952286,-1.4800363506026646
1772589198.963822,2.3603106444486603,-1.4776805420808727
1772589198.983736,2.3592151040601763,-1.4753247056279855
1772589199.0039747,2.358117586670012,-1.4729650610218377
1772589199.0238762,2.3570205005255667,-1.4706062469584478
1772589199.0438704,2.355924025402521,-1.4682487745488384
1772589199.0639286,2.354828438004014,-1.4658931782880154
1772589199.0838008,2.353732995679643,-1.4635378904901883
1772589199.1038303,2.3526375514768607,-1.4611825333867292
1772589199.1237996,2.3515421077562717,-1.4588271869328528
1772589199.1438417,2.3504465825350938,-1.4564714721859118
1772589199.1638477,2.349350878395388,-1.4541153456708185
1772589199.1837542,2.34825511563064,-1.4517590681603267
1772589199.20384,2.3471596251168667,-1.449403498359872
1772589199.2237806,2.3460641136241387,-1.4470478741254413
1772589199.2440348,2.344966623562488,-1.4446881969699337
1772589199.2637417,2.3438159351974517,-1.4422139492721144
1772589199.2839267,2.34277526584466,-1.4399762155083837
1772589199.3038344,2.3416786518329182,-1.4376184448181457
1772589199.3237753,2.3405820130195067,-1.43526062528894
1772589199.3438263,2.33948652951848,-1.4329051995118753
1772589199.3637893,2.338390788037024,-1.430549238748912
1772589199.3837035,2.3372951230801875,-1.4281933462822851
1772589199.4038286,2.3361994168545936,-1.4258373513274354
1772589199.4237652,2.3351037090284406,-1.4234813462598834
1772589199.4440815,2.334007628327988,-1.4211247534975209
1772589199.463787,2.3329116053774737,-1.418768251806315
1772589199.483932,2.3318158216620386,-1.4164121684429938
1772589199.5039036,2.3307192789039957,-1.4140544212680304
1772589199.5238924,2.3296225428801742,-1.411696240283679
1772589199.543762,2.328526827128749,-1.4093402066708691
1772589199.5637965,2.327431025411741,-1.4069839917779954
1772589199.5837798,2.3263341995444007,-1.404625645943477
1772589199.603926,2.325183241031729,-1.402150918240603
1772589199.623949,2.324142057751284,-1.3999122357977132
1772589199.6439855,2.323046105505237,-1.397555731053137
1772589199.6638002,2.3219501538835785,-1.3951992263862933
1772589199.6837454,2.3208542122413243,-1.392842655626301
1772589199.7037663,2.3197582685439055,-1.390486099224968
1772589199.723967,2.3186613114469155,-1.3881272309696198
1772589199.7437744,2.317565293619192,-1.3857705972876977
1772589199.763837,2.316469349648822,-1.3834141435186977
1772589199.7837057,2.315373364719467,-1.3810574689491397
1772589199.8037915,2.314277386213286,-1.3787008285555398
1772589199.8240585,2.3131805244869965,-1.3763422379795736
1772589199.8438015,2.312084447336657,-1.3739853398338784
1772589199.8637714,2.3109885114739046,-1.3716287428532041
1772589199.883785,2.3098919447185637,-1.3692707318429829
1772589199.9037902,2.3087954264677384,-1.366912829640253
1772589199.9238288,2.3076990008499316,-1.3645552335155269
1772589199.9438365,2.3065479954442267,-1.3620802617863697
1772589199.9637744,2.3055067146875325,-1.359841234070199
1772589199.983995,2.3044106653283905,-1.3574844129732249
1772589200.0037847,2.3033146166266976,-1.3551275930065199
1772589200.0238447,2.30221797519672,-1.3527695131681203
1772589200.043964,2.301121463039941,-1.3504117081125278
1772589200.0639682,2.300025672017074,-1.3480554632762725
1772589200.0838096,2.298929364449296,-1.345698134306067
1772589200.104083,2.2978330244169647,-1.343340738950881
1772589200.1239755,2.2967366970124674,-1.3409834200693118
1772589200.1438627,2.295640286921844,-1.3386261263719312
1772589200.1638196,2.2945420082711556,-1.3362709605779877
1772589200.1838558,2.2934445670820827,-1.3339148427304333
1772589200.2039802,2.2923450636953726,-1.3315596421809455
1772589200.2239416,2.291238640990248,-1.3292100282630348
1772589200.2437298,2.290128638690805,-1.3268619242776105
1772589200.2637799,2.289013913650997,-1.3245169921176534
1772589200.283693,2.2878405758576026,-1.322055934502977
1772589200.30393,2.286774956139471,-1.3198311969263306
1772589200.3239846,2.285650703353063,-1.3174907871083414
1772589200.3437572,2.284521255016757,-1.3151528817922473
1772589200.3638382,2.2833799176379044,-1.3128222340993494
1772589200.3837106,2.282233812638179,-1.3104936108504759
1772589200.403924,2.2810800222628576,-1.3081689766459914
1772589200.424156,2.279923670818689,-1.3058461243910644
1772589200.4439178,2.278760038115537,-1.3035269839216626
1772589200.4637675,2.2775861212477113,-1.3012142546717995
1772589200.483795,2.276403607024659,-1.2989057218070297
1772589200.5038526,2.275206776320877,-1.2966055536240448
1772589200.523831,2.2740019774342755,-1.2943097556716228
1772589200.5440063,2.2727875900661956,-1.2920191541771997
1772589200.5638256,2.2715646843081245,-1.2897333709049363
1772589200.583752,2.2703322948011797,-1.287452663789727
1772589200.6038423,2.269095462389004,-1.2851732121323889
1772589200.623956,2.2678485165286255,-1.282899593755922
1772589200.6440039,2.2665870086638265,-1.2806349948245082
1772589200.6637719,2.2653170903425943,-1.2783752907768908
1772589200.6839185,2.264035775607274,-1.2761220425960045
1772589200.7038014,2.262745925651682,-1.2738751735794813
1772589200.7238474,2.26144229713482,-1.2716359376545696
1772589200.7438974,2.2601217314869695,-1.2694092084562878
1772589200.7637596,2.258791486958365,-1.2671875571039946
1772589200.7836869,2.2574478015778623,-1.2649740391244457
1772589200.8039596,2.256092197235586,-1.2627676841731579
1772589200.823722,2.2547226327541985,-1.2605699822243805
1772589200.8439803,2.2533369845750872,-1.2583840859950746
1772589200.8637552,2.251939776967028,-1.2562046872889707
1772589200.883775,2.2505302093156008,-1.254033167783642
1772589200.9038708,2.249106571334354,-1.251868972998493
1772589200.9237964,2.2476705088911673,-1.2497131470784355
1772589200.9438164,2.246222854626025,-1.2475660314959804
1772589200.9639351,2.244762278984484,-1.245427416459712
1772589200.983687,2.243291406151906,-1.243298119449832
1772589201.0038645,2.241807167045524,-1.2411775478978941
1772589201.0238283,2.2403099453069775,-1.2390661296871248
1772589201.04387,2.2387946913413383,-1.236964823230161
1772589201.0639868,2.237267884582482,-1.2348725143789319
1772589201.0840156,2.235733642363703,-1.2327892237914988
1772589201.1039033,2.234184163463125,-1.2307172268782858
1772589201.1238887,2.2326201358477142,-1.2286563608145409
1772589201.1437676,2.2310415274527204,-1.226608085504981
1772589201.1639004,2.229447423461676,-1.2245716130947548
1772589201.1838124,2.2278329526549765,-1.2225477439247392
1772589201.2038481,2.226207028296122,-1.2205379213468934
1772589201.224003,2.224565780280469,-1.218541649438092
1772589201.2439284,2.222903188583091,-1.2165590475687527
1772589201.263744,2.221224806866983,-1.2145901146209885
1772589201.2837675,2.219539839935018,-1.2126340917127794
1772589201.3038082,2.2178367292997496,-1.2106917913173705
1772589201.3238328,2.216103529678475,-1.2087662103999237
1772589201.343871,2.214370623787975,-1.2068499071514722
1772589201.3637753,2.2126229823774386,-1.2049471054370384
1772589201.3839498,2.2108618839125795,-1.203057584535811
1772589201.4037244,2.209085699539336,-1.201182051972048
1772589201.4240463,2.2072850865998133,-1.1993240448314717
1772589201.4439473,2.2054727335195823,-1.1974797499771888
1772589201.463727,2.203645645394493,-1.1956500556935432
1772589201.4837432,2.2018125578790406,-1.193832264662569
1772589201.50381,2.199963590893946,-1.1920296918595046
1772589201.5237927,2.197998513236429,-1.1902279119188557
1772589201.5437868,2.1961190671841844,-1.1884555146016476
1772589201.563763,2.194229456498551,-1.1866964459629608
1772589201.5840328,2.1923163064215583,-1.1849565780940965
1772589201.6037798,2.190390363157962,-1.183231397313604
1772589201.6238892,2.1884601251153435,-1.1815174708807017
1772589201.6440074,2.1865137783041524,-1.179820029422349
1772589201.663981,2.184555844397503,-1.1781374136658669
1772589201.6836903,2.1825760894885944,-1.1764747647486646
1772589201.7038121,2.1805828479532865,-1.1748282072670404
1772589201.7238207,2.178588901751985,-1.1731916073474715
1772589201.7438428,2.1765793765509063,-1.1715720922143902
1772589201.763821,2.1745285314560596,-1.1699839721824326
1772589201.7837546,2.1724916294119914,-1.168397695844469
1772589201.803783,2.1704444353545025,-1.1668262446716533
1772589201.8238294,2.1683665049597107,-1.165281631502233
1772589201.8437722,2.1662792504500077,-1.1637518865715246
1772589201.8638108,2.1642014265038316,-1.162226335118373
1772589201.883698,2.1621047927231953,-1.1607214705021094
1772589201.9037337,2.159996400860269,-1.159233227696634
1772589201.9239182,2.1578543309588305,-1.1577757780590368
1772589201.9437542,2.155702811436073,-1.1563339145491842
1772589201.9638388,2.153565005962348,-1.1548933877528407
1772589201.9837117,2.1514088856680296,-1.1534742533539937
1772589202.0038233,2.1492174905329113,-1.1520881886251335
1772589202.0238454,2.1470414846891637,-1.1507020335874225
1772589202.0437558,2.1448548243207326,-1.1493330420296177
1772589202.0638165,2.1426420478868047,-1.14799216757849
1772589202.0837839,2.1404220222117836,-1.1466665792022566
1772589202.1039014,2.1382082245021925,-1.145347108917549
1772589202.1239328,2.135960374501043,-1.14406253540903
1772589202.143858,2.1337005887448535,-1.1427969722941307
1772589202.163811,2.131453488603114,-1.1415328553789876
1772589202.183799,2.1291929019094753,-1.1402891932694625
1772589202.2039945,2.126923323705705,-1.139062988289827
1772589202.2238188,2.1246263531879728,-1.137867691268397
1772589202.2438319,2.1223155406960945,-1.136693328216568
1772589202.2637582,2.1200149398250527,-1.135518766557784
1772589202.2836704,2.1177051469025763,-1.1343608004366803
1772589202.3038125,2.11539495303838,-1.133210680492115
1772589202.3238304,2.1130755821584213,-1.1320771654822317
1772589202.3440309,2.1107393821993883,-1.1309648384800626
1772589202.3637762,2.1084069363127753,-1.1298568550522212
1772589202.3837183,2.1060682230177004,-1.1287622898449758
1772589202.4037857,2.103719471555778,-1.1276852292362252
1772589202.4237325,2.1013654263490325,-1.1266207296571378
1772589202.4440398,2.099566398917978,-1.1258622296996619
1772589202.463723,2.0969572808600025,-1.124727505741954
1772589202.483787,2.0948236912559057,-1.1238051603494619
1772589202.5039196,2.092447318853351,-1.1227941981904561
1772589202.5237908,2.0900647378980945,-1.1217979934510172
1772589202.5440617,2.0876690689560475,-1.1208234091712443
1772589202.563944,2.0847922912089314,-1.1196669254429992
1772589202.583707,2.0828716248101657,-1.1189054664962694
1772589202.6039672,2.0804558169763157,-1.1179773811571734
1772589202.6239483,2.0780327009333157,-1.1170655111536631
1772589202.6439605,2.0756163727706936,-1.1161545346781632
1772589202.663819,2.0731933197048673,-1.115259283049002
1772589202.683906,2.0707635007449636,-1.1143807165415398
1772589202.7039056,2.0683221813901875,-1.1135237616740334
1772589202.7239764,2.065873154986159,-1.112684727958731
1772589202.743812,2.0634285579809113,-1.111849533172528
1772589202.763852,2.060978640706624,-1.111029422905835
1772589202.7839952,2.0585263275645254,-1.1102211360595504
1772589202.8039281,2.0558210933006174,-1.1093515579706832
1772589202.8240182,2.053602905532483,-1.1086540612309315
1772589202.8440073,2.0511337146054798,-1.1078932337047336
1772589202.8638384,2.0486600682472296,-1.1071469880852258
1772589202.8837926,2.0461822772756983,-1.1064154332243814
1772589202.9038088,2.043190500630284,-1.1055734392015224
1772589202.9239504,2.0411871666485157,-1.1050313502081508
1772589202.9440253,2.038693872772474,-1.1043484203469394
1772589202.963755,2.0361992470345234,-1.1036767764053437
1772589202.983787,2.0336845920324316,-1.103048647593584
1772589203.0037935,2.031168157985661,-1.102432096383013
1772589203.0239322,2.028660803503008,-1.1018222177461348
1772589203.0438952,2.0261519589092574,-1.1012223757240982
1772589203.0637777,2.0236417306380585,-1.1006348965577184
1772589203.0839968,2.0211255496798155,-1.100056043588159
1772589203.1037726,2.018605986059512,-1.0994925709801102
1772589203.123862,2.016060641374689,-1.098971812510998
1772589203.1440399,2.013269707184747,-1.0983999089985825
1772589203.1639266,2.0109860024753123,-1.0979419755472815
1772589203.1839302,2.008449569074152,-1.0974419031941052
1772589203.203861,2.005910504997334,-1.0969563638780864
1772589203.2240307,2.0033584378301006,-1.0965020130739196
1772589203.2440312,2.0003035336024397,-1.0959596714565278
1772589203.2639585,1.998268572603178,-1.095604407497588
1772589203.2837927,1.99571033985828,-1.0951938158362864
1772589203.3038642,1.9931473161047686,-1.0948023563525673
1772589203.3239424,1.9906221089311067,-1.0945236800823317
1772589203.3438466,1.988066903014431,-1.0941436938857887
1772589203.3638215,1.9855095927370376,-1.0937769618461286
1772589203.3837426,1.9829494053222174,-1.0934277631172795
1772589203.403878,1.9803869151297477,-1.0930945336904767
1772589203.424175,1.977821985031061,-1.0927767815237672
1772589203.443767,1.9752552284994704,-1.0924742484415058
1772589203.4638386,1.9726863535893495,-1.092188007779803
1772589203.483735,1.9698502245076088,-1.0919061201328877
1772589203.5038888,1.9675249705542306,-1.0916957486141108
1772589203.5239363,1.964995221185583,-1.091520464443438
1772589203.543829,1.9624208459909305,-1.0912946051753853
1772589203.563854,1.9598322310272596,-1.091108754686481
1772589203.583767,1.9567353221768735,-1.0908851627286429
1772589203.6038766,1.954673248882996,-1.090741750417944
1772589203.6239407,1.9520850999231278,-1.0905960745634662
1772589203.643844,1.949494241920789,-1.090469615580605
1772589203.6639955,1.9469159103672367,-1.0903312535560676
1772589203.6837578,1.9443352263070175,-1.0902114069593194
1772589203.7037961,1.941738140461742,-1.0901412803151456
1772589203.7239394,1.9391518798048255,-1.0900623434942287
1772589203.7438004,1.936567462570787,-1.0899936471414349
1772589203.7638083,1.9339848548883343,-1.0899356619404872
1772589203.7837372,1.9314018830281958,-1.0898932183511667
1772589203.8038669,1.9288075916852823,-1.0898982094029765
1772589203.823796,1.9259607242207164,-1.0899079744100115
1772589203.843838,1.9236330716415138,-1.0899296857761391
1772589203.8637476,1.921051850479285,-1.0899624482586237
1772589203.8837395,1.9184712821919638,-1.0900140333751112
1772589203.9038553,1.915891431271262,-1.0900886117948725
1772589203.9238153,1.912791327932361,-1.090214946756608
1772589203.9440532,1.9107232089714217,-1.090319985484823
1772589203.9637866,1.9081403112482014,-1.0904707394724675
1772589203.9837718,1.9055590278941477,-1.0906434912851313
1772589204.003916,1.9029798187714824,-1.090839239949242
1772589204.0237844,1.900402478372894,-1.091058837229023
1772589204.0440228,1.8978375069321438,-1.0912849740567707
1772589204.0637803,1.89527248163648,-1.0915412266478197
1772589204.0837262,1.8927103396426963,-1.0918224674090966
1772589204.1037824,1.8901514130528752,-1.0921297042679428
1772589204.123809,1.887595730680481,-1.0924629005877868
1772589204.1440537,1.885032207839628,-1.0928421316003711
1772589204.1638532,1.8822267296479367,-1.0932708352599723
1772589204.1839604,1.8799376768382712,-1.0936397806476212
1772589204.204007,1.8773998293557537,-1.094074420231181
1772589204.2238731,1.8748667101599472,-1.0945352560873065
1772589204.2440617,1.8723312246670079,-1.095040628131257
1772589204.2638628,1.869802908096896,-1.0955709530950586
1772589204.283746,1.8672916036641278,-1.0961100957003
1772589204.303981,1.8647846251900293,-1.0966850369556507
1772589204.3239095,1.8622849472299299,-1.0972895670884437
1772589204.3437927,1.8597939269436927,-1.0979233606378958
1772589204.3637793,1.8573106299633633,-1.0985874360933288
1772589204.3837593,1.8548243191401823,-1.0993036619278707
1772589204.403961,1.8523550443000414,-1.1000320309620153
1772589204.4238274,1.8498965009717314,-1.1007860554450037
1772589204.4437654,1.8474467747537833,-1.1015698487168244
1772589204.463782,1.8450064275031495,-1.1023823339312513
1772589204.483801,1.8425712782980002,-1.1032385773112048
1772589204.503807,1.8399090608406596,-1.1041976652163117
1772589204.5239587,1.837741820566185,-1.1050038543198215
1772589204.5441065,1.835344244005464,-1.10592686706663
1772589204.5637932,1.8329578544241596,-1.1068784075461044
1772589204.5840354,1.8305760404253972,-1.1078865617789937
1772589204.6039386,1.828207984503816,-1.108918428039405
1772589204.62388,1.8258605895255433,-1.1099430743705931
1772589204.643824,1.8235204277109092,-1.1110217432528349
1772589204.6637292,1.8211926834576178,-1.1121306427359876
1772589204.683739,1.8188810012081666,-1.1132516455184986
1772589204.7038982,1.8165823176216456,-1.1144015695690577
1772589204.7239885,1.8142983987662855,-1.115575970915028
1772589204.7438512,1.812026719275883,-1.1167907142817588
1772589204.7637966,1.8097692199926558,-1.118037216195874
1772589204.7837524,1.8075292045524414,-1.1192907620025419
1772589204.8041608,1.8053042133966484,-1.1205715027548573
1772589204.8238957,1.8030928496439071,-1.121904742053937
1772589204.8438413,1.8006784665602364,-1.1234073832236589
1772589204.863896,1.7987176312437505,-1.1246656746351649
1772589204.883862,1.7965570138189288,-1.1260526062731335
1772589204.9040303,1.7944130568810286,-1.1274624859554132
1772589204.9239995,1.7922849040044113,-1.1289434934825324
1772589204.9439168,1.7901746082256993,-1.130440767883163
1772589204.9640217,1.7880825715450792,-1.1319683521426527
1772589204.9838562,1.7860091060867835,-1.1334892294257222
1772589205.004061,1.783953675198055,-1.135028499231153
1772589205.0245855,1.7819173713541672,-1.1365900953288177
1772589205.0441895,1.7809061440101441,-1.1373800237162266
1772589205.0644171,1.7788992925114844,-1.138997939880811
1772589205.0846398,1.777407269803527,-1.1402284235773408
1772589205.1047509,1.775433068642595,-1.1418658210124684
1772589205.1245828,1.772993157062654,-1.1439450977232968
1772589205.144351,1.7715447799562354,-1.1452134027350276
1772589205.164164,1.7691588179686877,-1.1473867155896342
1772589205.1846972,1.7672746300192534,-1.1491637935566144
1772589205.2044542,1.7658724618536916,-1.1504743228187093
1772589205.2241871,1.763929872693659,-1.1523379330593273
1772589205.2446988,1.762104741646339,-1.1541640446553276
1772589205.2643955,1.7603010434520383,-1.1560065850705634
1772589205.284192,1.7585150968601446,-1.1578351768248187
1772589205.304211,1.7563209970558462,-1.1602024642752653
1772589205.3238797,1.7545919687014833,-1.1621241206363575
1772589205.3439538,1.7528806069664868,-1.1640348292413516
1772589205.3640616,1.751111479596551,-1.1660794777275474
1772589205.3836944,1.749533772462492,-1.167951354081365
1772589205.4038956,1.7478924854349072,-1.1699239918109554
1772589205.4240594,1.7458742135242802,-1.172416793833863
1772589205.4439702,1.7442859896497425,-1.1744292340487095
1772589205.4637852,1.7427271319648374,-1.1764802519420163
1772589205.4837332,1.7411936177097647,-1.1785532059623762
1772589205.5037766,1.7396781757313404,-1.1806180835407798
1772589205.5237987,1.7381880990578549,-1.182703892841439
1772589205.544187,1.7367247781450397,-1.1848117213722404
1772589205.5637667,1.7352930631764039,-1.1869574160517058
1772589205.583709,1.7338898570241057,-1.189128229782327
1772589205.6040368,1.73250150736567,-1.191281499771885
1772589205.624007,1.7311391117938097,-1.1934520872337373
1772589205.6440735,1.7298043634625242,-1.1956425528993377
1772589205.6638381,1.7284953167008745,-1.197847779092919
1772589205.6839302,1.727218314551077,-1.2000820343858043
1772589205.7038703,1.7259618122590503,-1.202315053802008
1772589205.7239082,1.7247315959390803,-1.2045620531614922
1772589205.7439077,1.7235302607778185,-1.2068283928843135
1772589205.7638388,1.7223558588229861,-1.2091080986509528
1772589205.7838326,1.7212342749502751,-1.2114582361303763
1772589205.8039224,1.7201168204760884,-1.2137685277285553
1772589205.8237948,1.719023528773451,-1.2160851674190267
1772589205.8440132,1.71797064768556,-1.2184399606484977
1772589205.8638105,1.7169442337335257,-1.2208040533774198
1772589205.8837283,1.7159302685488034,-1.2231485792245271
1772589205.9037967,1.7149503969667859,-1.2255168953269773
1772589205.9238539,1.7139994728709145,-1.2278976473218923
1772589205.9438643,1.7130997058774213,-1.2303291151961748
1772589205.96382,1.712228299739918,-1.2327699648885349
1772589205.983716,1.7113563360264232,-1.2351697736873024
1772589206.003964,1.7105204111794583,-1.2375925686669804
1772589206.0238662,1.7097130031107,-1.2400234303312812
1772589206.0437903,1.7089408862793922,-1.2424735897922614
1772589206.063766,1.708198362694343,-1.2449333866303736
1772589206.0838952,1.7074776743257443,-1.2473901096865312
1772589206.1037107,1.7067879583508614,-1.249857501622239
1772589206.1240728,1.7061689118986263,-1.2523912712746486
1772589206.144144,1.705542670077656,-1.254879504378988
1772589206.1637778,1.7049410442472004,-1.2573684940882959
1772589206.1839771,1.7043962252178118,-1.2598997420084646
1772589206.2037742,1.7038782216848338,-1.262433066790506
1772589206.223957,1.7033577330855436,-1.264930443242297
1772589206.243797,1.7028783434311665,-1.2674480893432323
1772589206.263826,1.7024296890459616,-1.269971889912939
1772589206.2837305,1.7020176384802557,-1.2725081018942082
1772589206.303765,1.7016355804236178,-1.275048821422269
1772589206.3240287,1.7012742495888842,-1.2775823118163103
1772589206.343825,1.7009454504034882,-1.2801228121246964
1772589206.3638,1.7006997169096498,-1.2827233936851525
1772589206.3836966,1.7004333112613736,-1.2852720532222117
1772589206.403942,1.7001948835903908,-1.2878214138764466
1772589206.423851,1.699990987547365,-1.2903773020499218
1772589206.443737,1.6998170388211469,-1.2929347358481558
1772589206.4637458,1.6996994406879073,-1.2955184868541947
1772589206.4839747,1.6995880053446044,-1.2980799095456588
1772589206.503782,1.6995035596064152,-1.3006394942128217
1772589206.5240386,1.6994905519213286,-1.3032356839751547
1772589206.5438435,1.699503453719697,-1.3058275797416408
1772589206.563805,1.6994970198378896,-1.3083758815098518
1772589206.5837038,1.699561209336286,-1.3109576891842192
1772589206.6039286,1.6996657518672125,-1.3135460720557135
1772589206.6239011,1.6997686352422103,-1.3161069783477468
1772589206.6439774,1.6999028264145002,-1.3186672533860757
1772589206.6638494,1.7001034439235,-1.3212521640690165
1772589206.683863,1.7003257711990207,-1.3238279291145885
1772589206.7039092,1.7005304057468043,-1.326365567382579
1772589206.7239087,1.7007866697229561,-1.3289155884697126
1772589206.743773,1.701073371052832,-1.331462483211635
1772589206.763802,1.7014145870893478,-1.3340219703613114
1772589206.7837288,1.701782013784014,-1.3365741627691612
1772589206.804027,1.7021446346189575,-1.3390990524228201
1772589206.8238623,1.7025522512647941,-1.341628408842628
1772589206.8437471,1.7029901700608354,-1.3441530150820127
1772589206.8637705,1.7034943285684898,-1.3466930911366322
1772589206.8837678,1.7040242543044668,-1.3492245238551666
1772589206.9038405,1.7045422132657604,-1.3517257260811466
1772589206.9237595,1.7051012628861346,-1.3542267700492945
1772589206.9437273,1.705689704803254,-1.3567205934930056
1772589206.9637737,1.7063302582111097,-1.359220352444036
1772589206.9839609,1.7069986422003351,-1.3617122558082653
1772589207.0038712,1.707663378355119,-1.3641841775698365
1772589207.0239975,1.7083618980473114,-1.3666520598502476
1772589207.0438454,1.7091614717113544,-1.3691406938535222
1772589207.063742,1.709908224353089,-1.371594105861851
1772589207.0837202,1.7106758901011458,-1.3740388863038986
1772589207.1038716,1.7115194391312225,-1.3764921839927986
1772589207.1237905,1.7123773020263569,-1.3789340962471663
1772589207.1440604,1.7131829369230744,-1.3814529406656186
1772589207.1637828,1.7140725750883308,-1.38387294935497
1772589207.1837442,1.7149906042365954,-1.3862853338126981
1772589207.2038763,1.7159033501291716,-1.3886793463631841
1772589207.2237632,1.7168433536842103,-1.3910652487331787
1772589207.243961,1.7178750701847318,-1.3934620654365104
1772589207.2637665,1.7188733718813924,-1.3958360035496922
1772589207.283858,1.7198798289794215,-1.398198409877896
1772589207.3038468,1.7209570840266433,-1.4005604643007061
1772589207.3239288,1.7220523141819999,-1.402913302073448
1772589207.3438385,1.7230980643269675,-1.4052489028391382
1772589207.3639154,1.7241791297496645,-1.4075783215704158
1772589207.3837585,1.7253251399652878,-1.409904446204459
1772589207.403949,1.7264571828251596,-1.4122180267246012
1772589207.4239337,1.7276059612206076,-1.4145227543965042
1772589207.443876,1.728809529919424,-1.4168215596238993
1772589207.4638114,1.730024530912395,-1.4191101178726544
1772589207.484078,1.7311963704812392,-1.421387106452701
1772589207.5038474,1.732410709154159,-1.4236561466124684
1772589207.5238395,1.7336415920663544,-1.4259167742302785
1772589207.5438285,1.7349427556561392,-1.428170924474661
1772589207.5637891,1.736251526605341,-1.4304166110671372
1772589207.58376,1.7374979876434793,-1.4326569077942963
1772589207.603869,1.7388201890455495,-1.4348892730044325
1772589207.624053,1.740169108124116,-1.4371145095142324
1772589207.643957,1.7414714365585044,-1.439336569781368
1772589207.663824,1.742785142648796,-1.4415528120385277
1772589207.683784,1.7441766404604364,-1.4437575325274992
1772589207.7037222,1.7455604068676178,-1.4459578119911811
1772589207.7239432,1.7468715377842512,-1.4481604951121394
1772589207.744013,1.748251425719595,-1.4503522235147015
1772589207.763743,1.7496420279451708,-1.452538252760938
1772589207.783774,1.7510097446149189,-1.4547250642325982
1772589207.803778,1.752390378047567,-1.4569062831447408
1772589207.823955,1.7538569720610095,-1.459073305888483
1772589207.8438265,1.7552570437636619,-1.4612470357786629
1772589207.8637516,1.75665320572538,-1.4634189563542859
1772589207.883753,1.7581017386050832,-1.4655802937100215
1772589207.9037817,1.7595491772458856,-1.4677394551261627
1772589207.9238465,1.7609462837324839,-1.4699066973702952
1772589207.9438498,1.7623998892603119,-1.472062264051332
1772589207.9638343,1.7638700576470583,-1.4742135121899702
1772589207.9839487,1.7652906886254922,-1.4763750072040702
1772589208.0039074,1.7667141308925085,-1.478535286333571
1772589208.0237846,1.76819999334562,-1.4806804125537862
1772589208.0439694,1.7696712012813798,-1.4828286760901603
1772589208.0638323,1.7710717907411042,-1.484995368629393
1772589208.0839086,1.7725242394025051,-1.4871491137726147
1772589208.10374,1.7739782324124986,-1.4893025802280764
1772589208.123818,1.775407417402846,-1.4914625104231112
1772589208.1440039,1.7768406510886958,-1.4936216167210858
1772589208.163783,1.7783050224209267,-1.4957724666843764
1772589208.1839757,1.7797428062209495,-1.4979300279850027
1772589208.203817,1.7811775164043422,-1.5000883001035643
1772589208.2239194,1.7826537429148968,-1.5022362906070519
1772589208.243927,1.7841253820265315,-1.5043852661937398
1772589208.2637184,1.7855468954619518,-1.5065461917852383
1772589208.2838676,1.7866246318303358,-1.5081640196230952
1772589208.3037784,1.7880890186531035,-1.5103151296856425
1772589208.3239565,1.7895344514322409,-1.5124706445066685
1772589208.3437893,1.7909768742827936,-1.5146269585863783
1772589208.363893,1.7924418199406382,-1.5167778260679288
1772589208.3836567,1.79390482137059,-1.5189292565395898
1772589208.4037936,1.7953360273950336,-1.5210882496060567
1772589208.4240036,1.796850843446532,-1.5233522749656012
1772589208.443735,1.7982225630314292,-1.5254003418938042
1772589208.4638436,1.7996846491194953,-1.5275518970696862
1772589208.483776,1.8011472687337367,-1.5297032624862643
1772589208.5037985,1.8025867901306365,-1.5318600449256745
1772589208.5238442,1.8042483253348858,-1.534339029944813
1772589208.5437343,1.8054768336367868,-1.5361711776897613
1772589208.5638323,1.806931610654815,-1.5383244444683524
1772589208.583873,1.8083875679721513,-1.540477463099024
1772589208.6037273,1.8098295492805552,-1.5426336553233895
1772589208.6240978,1.81127362875373,-1.5447894009043546
1772589208.6439168,1.8127352283529772,-1.5469410926147407
1772589208.663858,1.814198349875955,-1.549092312929798
1772589208.6839752,1.8156635616132872,-1.55124299407826
1772589208.7037776,1.8171086637957492,-1.5533982953036563
1772589208.7239053,1.818555370785605,-1.5555532024294634
1772589208.743889,1.820004662526581,-1.5577078988845294
1772589208.7637696,1.8215315372351408,-1.5599689779026407
1772589208.7840064,1.8229152646200193,-1.5620141805668817
1772589208.803921,1.824363741014959,-1.5641688031295244
1772589208.8239262,1.8258120092290226,-1.566323487037041
1772589208.8439465,1.8272789837219978,-1.5684738655047494
1772589208.8637822,1.828951441283131,-1.5709501322303558
1772589208.8838398,1.830183475762697,-1.5727813514106894
1772589208.903838,1.8316444109613932,-1.5749331362269248
1772589208.9240794,1.8331068650041287,-1.57708456738878
1772589208.9439375,1.8345583694951315,-1.5792385498212695
1772589208.963993,1.8360115881579764,-1.5813921250741592
1772589208.984006,1.83746056833551,-1.5835466826641797
1772589209.0038671,1.8389204335308407,-1.5856986262728001
1772589209.0239031,1.8403829868685428,-1.5878499261162926
1772589209.0440254,1.841832967920698,-1.5900044058062048
1772589209.063815,1.8432839057978347,-1.592158647879999
1772589209.083979,1.8447429528192296,-1.594310759869058
1772589209.1038208,1.8462706783243654,-1.5965716716759557
1772589209.1238787,1.8476521688953338,-1.5986174768646901
1772589209.1440458,1.849140642378091,-1.6006891929916782
1772589209.1638463,1.8505928757585162,-1.6028428537742794
1772589209.1840217,1.8520547593811019,-1.6049943346545323
1772589209.203848,1.8537284418391025,-1.6074703108501143
1772589209.2239132,1.8549633809970028,-1.6093008977809258
1772589209.2438602,1.8564167354764218,-1.611454451303204
1772589209.2638454,1.8578701485660645,-1.6136079976933144
1772589209.283869,1.8593259010882255,-1.615761068980384
1772589209.3037806,1.8607812896152556,-1.617914214905554
1772589209.3239841,1.8622442233390228,-1.6200654054299128
1772589209.3439832,1.8637007994671277,-1.6222182563235394
1772589209.3639255,1.8651562686679415,-1.6243713960875548
1772589209.3838482,1.8666101411708493,-1.6265247320369445
1772589209.4038005,1.8680641403459237,-1.6286780503086875
1772589209.4240274,1.8695191887333134,-1.6308312026651306
1772589209.4438605,1.8710488788119375,-1.6330915058116904
1772589209.4637487,1.8724337403310258,-1.6351363260613492
1772589209.4838789,1.8738884671746219,-1.637289616852427
1772589209.5038314,1.8753431278079358,-1.6394429267066273
1772589209.523847,1.8768049969125669,-1.6415944014028212
1772589209.5439024,1.8784804372360142,-1.6440700765426683
1772589209.5637443,1.8797171691872423,-1.6459003504429957
1772589209.584029,1.8811744801122563,-1.6480529507543982
1772589209.6037996,1.8826320968034282,-1.6502054632674716
1772589209.6238601,1.8840884651803527,-1.6523583146973047
1772589209.6441228,1.8855450283311965,-1.6545111126971235
1772589209.6638234,1.88700013062023,-1.65666420329699
1772589209.6837564,1.888455383742842,-1.6588185867062868
1772589209.7040732,1.8899097761450132,-1.6609738831333098
1772589209.724111,1.891368093052539,-1.6631291693033479
1772589209.743802,1.8928232927403095,-1.665286358417891
1772589209.7639139,1.8942672652704575,-1.6674494630208694
1772589209.7838542,1.895781944884187,-1.6697231386917462
1772589209.8038263,1.897148571526194,-1.6717831720871683
1772589209.8237662,1.8985870562746159,-1.6739528873188443
1772589209.8438694,1.9000208695941452,-1.6761257197538015
1772589209.8638694,1.901444573037678,-1.6783039648483553
1772589209.8837283,1.903078658223269,-1.6808114150139952
1772589209.9037483,1.9042831193658698,-1.6826669609340887
1772589209.9239383,1.9056948534090803,-1.6848541857098338
1772589209.9438043,1.907101415089252,-1.6870448455477134
1772589209.9638574,1.9085115403919723,-1.6892362595777528
1772589209.9836953,1.9099133968271613,-1.691432503695089
1772589210.0037687,1.9112945478863204,-1.6936398880528316
1772589210.0238698,1.9126793600198997,-1.6958479631872723
1772589210.0436702,1.9140577701415833,-1.698060721058106
1772589210.0637774,1.9154172875053035,-1.700283617472668
1772589210.0837831,1.9167680770824542,-1.7025119360574903
1772589210.1037602,1.9181159897401443,-1.7047433151505846
1772589210.1238606,1.9195178278532739,-1.7070935164973327
1772589210.1436682,1.9207768492931874,-1.7092252382969444
1772589210.1637652,1.9220930249000578,-1.7114737936660465
1772589210.1837351,1.9234005401229863,-1.7137273806037026
1772589210.2037547,1.9247027166081823,-1.715984952501009
1772589210.2238178,1.9261877919243027,-1.7185877199942918
1772589210.2437775,1.9272775668018503,-1.7205158411765638
1772589210.2637968,1.9285528363379751,-1.7227888808553933
1772589210.2837405,1.9298192162511656,-1.7250669928095974
1772589210.3037982,1.9310777265425596,-1.7273504498873276
1772589210.3240619,1.9323265793212254,-1.7296390513908932
1772589210.3440561,1.9334829740905992,-1.7320456333036083
1772589210.363803,1.9347116261087032,-1.7343446851391293
1772589210.3837888,1.935931537972959,-1.7366487102185788
1772589210.403891,1.9371423736164113,-1.7389555845478288
1772589210.4239502,1.9383442649321139,-1.741267280694338
1772589210.4440432,1.939536351861029,-1.7435862962512496
1772589210.463806,1.940777642696126,-1.7460276358333882
1772589210.483768,1.9418898383629861,-1.7482426310521066
1772589210.50382,1.943046148938844,-1.7505799273176033
1772589210.5239522,1.9441890791683254,-1.7529237629020575
1772589210.543826,1.945321848938965,-1.7552763882825626
1772589210.5639474,1.9466046422631684,-1.7579890945461831
1772589210.5840788,1.947539763276642,-1.7599996924013288
1772589210.6038485,1.9486277042801667,-1.762372472216997
1772589210.6241126,1.949701241807001,-1.7647520301151807
1772589210.6440363,1.950758557347385,-1.7671374304504446
1772589210.66382,1.9518004533742026,-1.769529822790857
1772589210.6840467,1.952827358288831,-1.7719319805405238
1772589210.7038376,1.9538371019574154,-1.7743417215822688
1772589210.7238688,1.9548293093394042,-1.776759127929498
1772589210.744094,1.9558010546162135,-1.779182356107894
1772589210.76382,1.9567540883444607,-1.781613193067254
1772589210.783737,1.9576898425228293,-1.7840560683812712
1772589210.8037868,1.9586485598193817,-1.7866269186454105
1772589210.8239293,1.9594952064555988,-1.788959936297257
1772589210.8439784,1.9603651316833817,-1.7914238201725634
1772589210.8638482,1.961211911862105,-1.793895763699137
1772589210.8838007,1.962035969790633,-1.7963748738266454
1772589210.9037278,1.962954808716921,-1.7992396159885187
1772589210.9239655,1.9636137384509296,-1.8013651851242176
1772589210.9437418,1.9643664968601895,-1.8038685980354316
1772589210.963804,1.9650945787982341,-1.8063787691673392
1772589210.9839687,1.9657975602487232,-1.8088954431571242
1772589211.0037374,1.9664747530749587,-1.8114192797170434
1772589211.0238569,1.967122962943207,-1.8139596289852349
1772589211.0438097,1.9677496019077478,-1.816497077162271
1772589211.06373,1.9683519959717986,-1.8190388632531982
1772589211.083846,1.968921998182982,-1.8215952263353892
1772589211.1036677,1.9694677308592083,-1.824156321544248
1772589211.1238563,1.9699998517457493,-1.8267101259168965
1772589211.1439862,1.970528000341255,-1.829401084809825
1772589211.1638432,1.9709815646093742,-1.8318405220382552
1772589211.183739,1.9714322390026446,-1.8344148394782718
1772589211.2038312,1.9718569084855688,-1.8369936073422195
1772589211.223834,1.9722590579909538,-1.8395736357845653
1772589211.2437987,1.9726790264409366,-1.8425540728279102
1772589211.2636957,1.9729632123807483,-1.8447632912204046
1772589211.2837656,1.9732861980900422,-1.8473553885719927
1772589211.30402,1.9735854109111979,-1.8499492630855536
1772589211.3238328,1.9738598433097265,-1.852544872330767
1772589211.3438156,1.9741085858693432,-1.855143227252979
1772589211.3638513,1.9743175892923763,-1.857753442318758
1772589211.3837209,1.9745141715252545,-1.860356515013065
1772589211.4037828,1.9746876473198176,-1.8629597223277177
1772589211.4239433,1.9748321104205655,-1.865566014191818
1772589211.4437575,1.9749509571805195,-1.8681734956727163
1772589211.4638283,1.9750384363749705,-1.8707853405130541
1772589211.4837213,1.9751001372149397,-1.873529490051071
1772589211.5037646,1.9751296663753728,-1.8760134486517759
1772589211.5239615,1.9751473700028772,-1.8786219005700373
1772589211.5438037,1.9751393268916426,-1.8812302777145944
1772589211.5639524,1.9750738328431203,-1.8838548793044692
1772589211.5836813,1.9749920243459242,-1.8868588507213508
1772589211.6037958,1.9749169020983834,-1.8890746556127176
1772589211.623814,1.9748027753603365,-1.8916814186860236
1772589211.64392,1.9746627553064526,-1.894287042005289
1772589211.663819,1.9744978613749686,-1.896890033760034
1772589211.6839077,1.9743069214301239,-1.899491429549035
1772589211.7037416,1.974052073255887,-1.9021084580925451
1772589211.7241895,1.9738046390081356,-1.9047076647955996
1772589211.7437744,1.973537646653825,-1.9073016919924666
1772589211.7638211,1.973215744976497,-1.9099047857176894
1772589211.7839577,1.9728704522649991,-1.9125036536607654
1772589211.8037744,1.9725374795676238,-1.9150835873201102
1772589211.8241043,1.9721434704791834,-1.9177954368347112
1772589211.8438165,1.9717602443101996,-1.9202461557679307
1772589211.8638148,1.9713374942679118,-1.9228196209297639
1772589211.8838718,1.9708891354707958,-1.9253886868391137
1772589211.9039655,1.9703848251389544,-1.9279635501426824
1772589211.9238226,1.969800189603243,-1.9309092385720226
1772589211.9439266,1.9693544712751414,-1.9330794326434266
1772589211.9639409,1.9688048052241434,-1.935628098905249
1772589211.9837809,1.968229867983321,-1.9381712920374659
1772589212.0039077,1.9676093191676485,-1.9407144973454362
1772589212.0240273,1.966966728928618,-1.9432505146113166
1772589212.0439887,1.9663268714610516,-1.945772230831449
1772589212.063737,1.9656271120578446,-1.948296632180449
1772589212.0837574,1.9648951682940194,-1.9508158280531565
1772589212.1040053,1.9641652293454814,-1.953320545823076
1772589212.123979,1.9634085331479396,-1.9558185010870288
1772589212.144053,1.9626362494924896,-1.9583060698768295
1772589212.163786,1.9617820747788317,-1.9609135880896644
1772589212.183983,1.9609802144001998,-1.9632661163023195
1772589212.2038162,1.9601312411482876,-1.965730143162917
1772589212.2241116,1.9592580888332287,-1.9681854980519964
1772589212.2440083,1.9583165821906952,-1.9706401195743695
1772589212.2638218,1.9572410133109501,-1.9734445841898365
1772589212.2837188,1.9564363923817811,-1.975507569104572
1772589212.304157,1.9554341472908203,-1.9779308674288343
1772589212.323901,1.9544037625704156,-1.9803447805682122
1772589212.3440008,1.9534908527786738,-1.9826920587619037
1772589212.3638077,1.9524520376715924,-1.9850798234314657
1772589212.383786,1.9513818304458141,-1.9874576366118049
1772589212.4038694,1.9502842716392403,-1.9898250350493834
1772589212.423837,1.9491616690300373,-1.9921816289016898
1772589212.4437716,1.9480256526043478,-1.994525729745116
1772589212.4638147,1.946865798798402,-1.9968586099303451
1772589212.4837923,1.9456299775631545,-1.9991837574103175
1772589212.503801,1.9443518487897202,-2.0016086386154988
1772589212.5238287,1.9431848543154107,-2.0037902122238607
1772589212.5438395,1.9419492428435314,-2.0061500913974797
1772589212.5637946,1.9406717347214484,-2.0084220541099436
1772589212.583781,1.9393622531977412,-2.010681009623217
1772589212.603743,1.9380324520942087,-2.0129268899537345
1772589212.6238425,1.936698760125874,-2.015158873427577
1772589212.6438406,1.9353068959071036,-2.0173777913797095
1772589212.6637008,1.9338894678803948,-2.0195828701571794
1772589212.6837747,1.9324863108866746,-2.0217737343126285
1772589212.7037177,1.9310558798211985,-2.0239505696879814
1772589212.7238219,1.9296003632979495,-2.026112615012541
1772589212.7438524,1.9281182007185644,-2.028259853008844
1772589212.7637417,1.9266131557805641,-2.030392259596941
1772589212.7839408,1.925097129273287,-2.032509562049078
1772589212.8037698,1.9235595065850821,-2.034611815191904
1772589212.823774,1.9219469262260942,-2.036694861011834
1772589212.843833,1.9202768715223104,-2.0388679844125903
1772589212.8637154,1.9187578248628574,-2.040819890833846
1772589212.8837948,1.9171073815863306,-2.0428564531389184
1772589212.9039414,1.9154359800539884,-2.0448763134508807
1772589212.923948,1.9137838831521372,-2.0468833422772232
1772589212.9439578,1.9121033588970062,-2.048872998928132
1772589212.9638402,1.9103948437264149,-2.0508451074725413
1772589212.9837592,1.9086783191237044,-2.052791417406769
1772589213.0037897,1.9069436051111008,-2.0547193749807993
1772589213.0240133,1.905187824971951,-2.056632046072186
1772589213.0439613,1.9034124958581236,-2.0585259819595345
1772589213.063848,1.9016224536670148,-2.060399375957606
1772589213.0839598,1.899800018025632,-2.062242517006852
1772589213.103831,1.8979553037111432,-2.064063102127871
1772589213.123978,1.8960804302725263,-2.065877476331207
1772589213.143788,1.8943184106293038,-2.0675494708507824
1772589213.1639476,1.8923599527999355,-2.0693615762015747
1772589213.183706,1.8903158675336347,-2.0712058419911283
1772589213.2037666,1.8884480304684248,-2.072855310164757
1772589213.224083,1.8864885518203611,-2.0745799973411443
1772589213.2439888,1.8845129046210314,-2.076285760047337
1772589213.2638,1.8825436172959298,-2.0779788544509157
1772589213.283753,1.880552765993825,-2.079651015410397
1772589213.303836,1.8784738128382619,-2.081282016517181
1772589213.3238947,1.8764389699038013,-2.0829093123731868
1772589213.3438144,1.874392326966687,-2.084517419092005
1772589213.3638113,1.872296172986341,-2.08608413788325
1772589213.3838444,1.8701895122974217,-2.0876328528436985
1772589213.4038737,1.8680939252625282,-2.089185985733895
1772589213.42394,1.8659753636487963,-2.0907088688296995
1772589213.4437447,1.8638419086267577,-2.0922101597781797
1772589213.4637513,1.8616759215821677,-2.093680339405192
1772589213.483809,1.8594965318237775,-2.0951292670103703
1772589213.5037816,1.8573280630056237,-2.096566113481918
1772589213.5238385,1.8550309319210534,-2.0980497853991533
1772589213.5438597,1.8529403351406804,-2.0993720034473617
1772589213.5637765,1.8507074317032404,-2.1007344081836203
1772589213.5838342,1.8484608486740246,-2.1020745997186836
1772589213.6037796,1.8462267182808214,-2.1034045473826013
1772589213.623744,1.8439739967719972,-2.1047097530907655
1772589213.6437998,1.841695940734468,-2.1059858965120735
1772589213.6637645,1.8393920291555312,-2.1072324301328003
1772589213.6836898,1.8370735385026544,-2.1084547554437343
1772589213.7038112,1.8347785294093322,-2.1096716912863362
1772589213.7237728,1.8324659477303022,-2.110862851503986
1772589213.7438228,1.830084521705712,-2.1119993593576565
1772589213.763872,1.827740267727247,-2.113139105801135
1772589213.7837412,1.8253933881654796,-2.114260667929064
1772589213.8038716,1.8230123733690813,-2.1153450463216625
1772589213.8237896,1.8206226208712348,-2.116407062909561
1772589213.843834,1.8182471401600275,-2.1174600411548075
1772589213.8637774,1.8157335347808916,-2.1185351972725277
1772589213.8840272,1.8134492741185373,-2.1194848207466404
1772589213.9037893,1.8110327705432143,-2.120459362218445
1772589213.9238741,1.80860654421454,-2.1214095278902487
1772589213.9438071,1.8061518320138974,-2.122321348769625
1772589213.9637952,1.8036923367197282,-2.123211786835324
1772589213.9837055,1.801218396803075,-2.1240778684071535
1772589214.0037687,1.7987497960329162,-2.1249285391028034
1772589214.0237846,1.7962744651675584,-2.1257561612100218
1772589214.0439327,1.793794275628561,-2.126558286306645
1772589214.0637314,1.7913057039624807,-2.1273357622399547
1772589214.0837421,1.7887680643263448,-2.1280583528937815
1772589214.1037712,1.7862592722158182,-2.128782653014712
1772589214.123801,1.7837497819729076,-2.1294871088002907
1772589214.1437635,1.7812385166539115,-2.130168708435843
1772589214.1637633,1.7787202662132415,-2.1308253882774695
1772589214.183805,1.7761540231964354,-2.131419673068968
1772589214.203827,1.7734875699286317,-2.132047427236366
1772589214.2238057,1.7710781092612085,-2.132599299878281
1772589214.2438986,1.7685042408238747,-2.13312743879765
1772589214.2637348,1.7659245645139605,-2.133629142819572
1772589214.2839897,1.763382862113771,-2.1341412021037693
1772589214.3036923,1.7608268356997159,-2.134619938441833
1772589214.323854,1.7582578976862289,-2.1350679965388144
1772589214.3438349,1.7556891455640473,-2.1354682931582585
1772589214.3640518,1.7531167485694166,-2.1358396537990925
1772589214.383993,1.7505423065839842,-2.136196316964469
1772589214.4039435,1.7479640972262414,-2.1365248184222985
1772589214.4241078,1.7453808834117286,-2.1368533425403804
1772589214.4439142,1.7427850384536308,-2.137134294232644
1772589214.463745,1.7401837300599277,-2.13738584373937
1772589214.4837255,1.7375904024906708,-2.1376221335057757
1772589214.5041342,1.7349942072071574,-2.1378337658075437
1772589214.5238783,1.732388389507563,-2.138010338228809
1772589214.543927,1.7296568745408079,-2.1381826774249517
1772589214.5638192,1.727185755428655,-2.1383208122142503
1772589214.5837543,1.7245781758495442,-2.1384353519145893
1772589214.6037672,1.7219696456989686,-2.1385284040352266
1772589214.6237907,1.71937747191842,-2.138627794374235
1772589214.643958,1.716780893298537,-2.138700906040011
1772589214.6639268,1.714145743155077,-2.1386897947757317
1772589214.6838226,1.7115456943492873,-2.1387163010416055
1772589214.7037523,1.7089481937014008,-2.1387282644151417
1772589214.7238107,1.7063504704461483,-2.1387176278285325
1772589214.7437215,1.7037529075254896,-2.138690271805807
1772589214.7637818,1.7011276489971812,-2.1385973683082065
1772589214.7837017,1.6985076777056198,-2.138497205666791
1772589214.803759,1.6958871416249635,-2.1383791833468657
1772589214.8238082,1.6932874778757916,-2.1382885917941223
1772589214.8437083,1.6906868099149361,-2.138179804012222
1772589214.8638227,1.6880926602265098,-2.1380596303578145
1772589214.8837216,1.6853545797086464,-2.137885889433051
1772589214.903781,1.682873035662437,-2.137703116463208
1772589214.923846,1.6802820436343795,-2.137542293770918
1772589214.9437394,1.677692264392397,-2.1373698796898712
1772589214.9637773,1.675103021300498,-2.1371860012185837
1772589214.983763,1.6725146922522562,-2.136990394001571
1772589215.0037622,1.6699108474281326,-2.136716372765924
1772589215.0238206,1.667323427831935,-2.13649297855849
1772589215.043815,1.6647380452595744,-2.1362645946931575
1772589215.0637727,1.6621383545794233,-2.1359775400666723
1772589215.0837455,1.6595420683315367,-2.1356887239189595
1772589215.1037223,1.656966069766449,-2.1354532139613176
1772589215.1238008,1.654377914886021,-2.135155054382157
1772589215.143941,1.6517890566744118,-2.134837386551414
1772589215.1637092,1.6492118096914588,-2.134548436337574
1772589215.1837885,1.646635002555029,-2.13424559507982
1772589215.2037854,1.6440466787565966,-2.133901250808701
1772589215.2237904,1.6413375414888653,-2.133551153866664
1772589215.2440305,1.6388889934443474,-2.1332299560342673
1772589215.2638443,1.6363147162328842,-2.132880619349348
1772589215.283878,1.6337418456677784,-2.1325213271446093
1772589215.3037674,1.6311641733700326,-2.132128961263502
1772589215.3237784,1.6285893637787776,-2.131731837792729
1772589215.34382,1.6260232095415055,-2.131354579096083
1772589215.3637748,1.6234480644362166,-2.1309250547298286
1772589215.3837242,1.6208736558423538,-2.1304811755322572
1772589215.4037533,1.6183062199119043,-2.130045925900655
1772589215.424121,1.6157397893619398,-2.129597209345058
1772589215.4440138,1.6131799921432393,-2.1291573171409555
1772589215.4638078,1.6106205583972173,-2.128700966443887
1772589215.483829,1.6080629693186188,-2.1282345868323844
1772589215.5038223,1.6055056445996847,-2.1277511099701307
1772589215.5239685,1.602950335642052,-2.1272582724963316
1772589215.5440447,1.6003985679841966,-2.1267650418381767
1772589215.563876,1.5977167511311796,-2.1262129094526134
1772589215.5837858,1.5952907867808481,-2.125695604782169
1772589215.603829,1.59274427634675,-2.1251686828302354
1772589215.624133,1.5902000121066808,-2.1246320516514916
1772589215.6438487,1.5876551079443388,-2.1240649718414812
1772589215.663869,1.5851130877230093,-2.1234921999297613
1772589215.6838264,1.5825791166623302,-2.1229363205418976
1772589215.70377,1.5800455513047618,-2.1223498340724833
1772589215.723783,1.5775137173854865,-2.121754719553449
1772589215.7440848,1.574982239850276,-2.121169784223415
1772589215.763764,1.572452273264933,-2.1205765416736173
1772589215.7837114,1.5699238467518628,-2.1199575593069873
1772589215.8037176,1.5673974609569938,-2.119353114403138
1772589215.8237967,1.5648724211297163,-2.1187477738878897
1772589215.8437583,1.5623477152724565,-2.1181289965846206
1772589215.8637419,1.5598241541767106,-2.1175064918854383
1772589215.8837535,1.5572987392547561,-2.116848494389706
1772589215.9037905,1.554650918197997,-2.116182181496136
1772589215.9238648,1.5522571341981835,-2.1155825293673165
1772589215.94384,1.5496173258233723,-2.115042326169959
1772589215.9636967,1.5470974479486903,-2.114371893046893
1772589215.9839253,1.5445818729164524,-2.113728902581875
1772589216.0037715,1.5420670039751805,-2.1130735805080847
1772589216.023801,1.5395515321980264,-2.112379399348336
1772589216.0439088,1.5370393899887496,-2.111711858664851
1772589216.0637596,1.5345286516349612,-2.111042130514969
1772589216.0837498,1.532022561692524,-2.110352746821218
1772589216.1037834,1.529516875797564,-2.1096623161828267
1772589216.1240327,1.5270115322330762,-2.1089877844050378
1772589216.1437788,1.5245061129786444,-2.1083063214719253
1772589216.1637633,1.5220008163973129,-2.1076239396413365
1772589216.1839557,1.51949688603447,-2.106940103214775
1772589216.2037516,1.516992942788797,-2.106256041033076
1772589216.2239099,1.514489187993327,-2.1055727542101152
1772589216.2439551,1.5119852104042142,-2.1048898765525643
1772589216.2637594,1.5094816447607569,-2.1041848758145023
1772589216.2836974,1.5069763981392235,-2.1035005533568363
1772589216.3037522,1.5044710265475698,-2.1028168225501807
1772589216.3238761,1.5019665625784309,-2.102111069296818
1772589216.3437681,1.4994619744602444,-2.1014098555937224
1772589216.3638222,1.4969568581055899,-2.100735783362612
1772589216.3837533,1.4944531460403119,-2.1000320546454607
1772589216.4037652,1.4919496653276585,-2.099325509033382
1772589216.4238946,1.4894453860245767,-2.0986433967413833
1772589216.4437675,1.4869412178531078,-2.0979575445356575
1772589216.4637768,1.4844379897882474,-2.0972470421828575
1772589216.483771,1.4819334817819603,-2.096556706781966
1772589216.5036862,1.480054866244967,-2.0960416487357376
1772589216.523854,1.4775499778723744,-2.095354645693875
1772589216.5439062,1.4750450623689029,-2.0946676404226756
1772589216.5637977,1.472543422816677,-2.0939714719231453
1772589216.5838008,1.4700410430300281,-2.0932776389158847
1772589216.6037319,1.4675408579882108,-2.0925728213917902
1772589216.6240518,1.4650369458305232,-2.0918899676458755
1772589216.643823,1.4625312427514834,-2.0912165212697893
1772589216.6637647,1.460028041760327,-2.090526812695139
1772589216.683959,1.457523392888223,-2.089842570383389
1772589216.7037454,1.4550139342196051,-2.0891909967580555
1772589216.7238076,1.4522532966590547,-2.0884653711513455
1772589216.7440405,1.4499934532448768,-2.087873624324549
1772589216.7637348,1.4474801729938214,-2.087225919210175
1772589216.78399,1.4449654873976958,-2.086583750405811
1772589216.8039887,1.4424492725715765,-2.0859496470565424
1772589216.8241823,1.4394295218409463,-2.085183541700951
1772589216.844079,1.4374159418798054,-2.084671856496392
1772589216.8637216,1.4348974253697384,-2.0840472598478907
1772589216.8840544,1.4323776604156508,-2.0834295134952177
1772589216.90409,1.4298577475050467,-2.0828049650619005
1772589216.9240904,1.4273364410550031,-2.0821869466043323
1772589216.9439278,1.424813249556039,-2.0815789682612857
1772589216.9639826,1.4222885129303564,-2.0809781100543483
1772589216.9837577,1.4197623527727272,-2.080383777660745
1772589217.004056,1.4172348889906874,-2.07979389522947
1772589217.0238025,1.4147062720542638,-2.0792090063883832
1772589217.0439975,1.4121767151023676,-2.078622987507575
1772589217.0639231,1.4093929588730048,-2.0779883421140695
1772589217.0838087,1.4071143844970389,-2.0774745865176856
1772589217.1038318,1.4045816706956373,-2.076907865224889
1772589217.1238909,1.4020478528193818,-2.07634608744088
1772589217.143981,1.39951286151151,-2.075786024749712
1772589217.1638331,1.3964694432390188,-2.0751235822783576
1772589217.183939,1.3944396186385801,-2.074687009570819
1772589217.203776,1.3919009286252928,-2.074142503927704
1772589217.224047,1.3893610769339828,-2.0736023562831463
1772589217.243971,1.3868207023126518,-2.073070561343856
1772589217.2637868,1.3842792303641045,-2.0725433310739416
1772589217.2838264,1.3817362659410803,-2.072018790308496
1772589217.304059,1.3791928194127396,-2.0715009359727286
1772589217.3237903,1.37664850267629,-2.0709884910831646
1772589217.3440926,1.3741025115936107,-2.0704789633615763
1772589217.3638215,1.3715555600419247,-2.069974455782386
1772589217.384109,1.3690066967958165,-2.0694749603301665
1772589217.403951,1.366200468875207,-2.068929657317743
1772589217.4240727,1.3639032511803333,-2.0684857226595867
1772589217.4438193,1.36135216005549,-2.067991960111951
1772589217.4637764,1.3588010095204563,-2.0674989747894243
1772589217.4837682,1.3562489926253913,-2.067004565417844
1772589217.5037725,1.3531851446890863,-2.0664148578184722
1772589217.5237894,1.3511419554181534,-2.066022738396314
1772589217.543896,1.3485898160684102,-2.0655283320115108
1772589217.5637867,1.3460381262481789,-2.0650325971670624
1772589217.5838547,1.3434863599927214,-2.0645371294227632
1772589217.6038005,1.3409346500184558,-2.064041386855364
1772589217.6239474,1.3383807312670961,-2.0635518298355953
1772589217.6438787,1.3358284715884354,-2.0630582122724808
1772589217.6637425,1.3332765215811937,-2.0625640833706176
1772589217.6837373,1.3307235699731927,-2.062072014537734
1772589217.7039473,1.3281705992009891,-2.061580133515714
1772589217.723766,1.3256185397894036,-2.061085417582979
1772589217.7438562,1.3228098848097756,-2.0605448214276993
1772589217.763806,1.320511480534907,-2.0601034468175725
1772589217.7837243,1.317959242410329,-2.059609220611226
1772589217.8040006,1.315407152441569,-2.0591145272771714
1772589217.8241203,1.312853516883126,-2.0586238419221754
1772589217.8438387,1.309790576410054,-2.0580321887079895
1772589217.8638053,1.3077490603418132,-2.057637020897194
1772589217.8839688,1.3051964866233918,-2.057144374588551
1772589217.903991,1.3026437509341877,-2.056652127249624
1772589217.9239268,1.3000909456275804,-2.0561599566314315
1772589217.9437525,1.2975381422024554,-2.055667810037469
1772589217.9639223,1.2949863485324147,-2.055174070448664
1772589217.9840796,1.2924341230921306,-2.0546806399483915
1772589218.0040312,1.2898818666584588,-2.0541870681189605
1772589218.023986,1.2873291221558423,-2.0536949120838632
1772589218.043948,1.2847764002562063,-2.0532026701673214
1772589218.0638986,1.2822242483572974,-2.0527089365774347
1772589218.0837655,1.2794167686940279,-2.052166358028757
1772589218.1038463,1.2771197494031195,-2.051722521858936
1772589218.1238492,1.2745669023528212,-2.0512304175500997
1772589218.1438055,1.272014003618138,-2.0507384326487696
1772589218.1638486,1.2694606437130058,-2.050247563557542
1772589218.184063,1.2669073761775371,-2.049756460460237
1772589218.203818,1.2643553981853641,-2.0492622979277297
1772589218.2240095,1.2618028955353788,-2.0487692680853313
1772589218.243753,1.2592503825570418,-2.0482762252527182
1772589218.2638245,1.2566970391947918,-2.047785055880082
1772589218.2840612,1.2541437942491234,-2.0472936651586315
1772589218.3037953,1.251591549301903,-2.046800155878031
1772589218.3237524,1.249038508983464,-2.0463083530061033
1772589218.343817,1.2464852817480727,-2.0458169651484277
1772589218.3638124,1.2439327575498298,-2.0453241395150545
1772589218.3840702,1.2413802062180783,-2.0448313742344153
1772589218.4039161,1.2388270937875945,-2.0443396351739023
1772589218.423814,1.2360191447638704,-2.043797920784939
1772589218.4440148,1.2337218641400183,-2.0433544786627142
1772589218.4638312,1.231169022408772,-2.0428623805226067
1772589218.4839592,1.2286161602978025,-2.0423703180557395
1772589218.504062,1.2260635636453006,-2.0418778031348483
1772589218.5237644,1.2235109155568473,-2.04138538278212
1772589218.5440536,1.2209583954797898,-2.040892732215493
1772589218.5639508,1.2184054167606897,-2.0404011557440156
1772589218.583911,1.2158523539900705,-2.0399097845594767
1772589218.6038194,1.2132998292175738,-2.039417190670604
1772589218.6240053,1.210747226724115,-2.038924813608226
1772589218.6438198,1.2081961946979267,-2.038434331324893
1772589218.6638436,1.2056449696251803,-2.0379454552569922
1772589218.6838796,1.2030934426638342,-2.0374595226083865
1772589218.7039824,1.2005409104971332,-2.036979555175178
1772589218.7239513,1.1979876045103228,-2.036503705322364
1772589218.743877,1.1954348105687411,-2.0360330785290066
1772589218.7637675,1.1926255340734833,-2.035520474803952
1772589218.783966,1.1903262325230484,-2.0351058180632644
1772589218.8038566,1.1877703068846988,-2.034651259121885
1772589218.8237712,1.185213360920929,-2.0342024589055794
1772589218.8440425,1.1826560060269184,-2.0337540843210373
1772589218.8637652,1.1800976224107798,-2.0333119700432487
1772589218.8839014,1.1775374048170455,-2.0328791713363144
1772589218.9039536,1.174976915016875,-2.0324481060528363
1772589218.923788,1.17241569216305,-2.032021336173513
1772589218.9437904,1.1698537969047533,-2.031601206849789
1772589218.9637988,1.1672911096033487,-2.0311856106317574
1772589218.9839776,1.1647278015050435,-2.0307738977813825
1772589219.0039415,1.1621636726363056,-2.0303682882812137
1772589219.0237982,1.159598724977625,-2.029968257039676
1772589219.0438623,1.157032772542396,-2.0295728698393067
1772589219.063739,1.1544660141833867,-2.029182799792808
1772589219.083851,1.1518981898638863,-2.0287981165783053
1772589219.103771,1.1490730870066168,-2.028380286511771
1772589219.1237724,1.1467610988253147,-2.02804272723039
1772589219.1438766,1.144191473995914,-2.0276724039022636
1772589219.163781,1.1416211517502297,-2.0273069262192887
1772589219.1837945,1.1390496597143969,-2.0269477383972143
1772589219.2038105,1.1364775422759015,-2.026593443301221
1772589219.2239733,1.1339050953160426,-2.0262437163127545
1772589219.2438383,1.1313321445162243,-2.0258987088058706
1772589219.263749,1.1287585712530328,-2.0255587306452094
1772589219.284082,1.1261840850302474,-2.025223919010175
1772589219.3040197,1.123608964113945,-2.0248942425111998
1772589219.3239052,1.1210322245287652,-2.024572758010086
1772589219.3440406,1.1184557222823122,-2.02425373173571
1772589219.3638217,1.1158788113041052,-2.0239390805221915
1772589219.3838506,1.113300801329136,-2.0236307130329636
1772589219.4040828,1.1107222048648886,-2.023327372495162
1772589219.4240694,1.1081431254499172,-2.023029236152978
1772589219.4437914,1.105305766606086,-2.022705983622283
1772589219.4639263,1.1029839006851574,-2.0224456815471163
1772589219.484044,1.1004011841837649,-2.022164470515406
1772589219.5039756,1.097817866224496,-2.021887521273898
1772589219.5238373,1.0952349859161534,-2.0216057088886994
1772589219.5439446,1.0926517699787723,-2.021327144224178
1772589219.5638354,1.090065620587021,-2.021062545489515
1772589219.5837739,1.087480896367398,-2.02078540855792
1772589219.60385,1.0848962497447667,-2.020506752874334
1772589219.6241913,1.082310267320532,-2.020234229509813
1772589219.643972,1.079724504410889,-2.0199604024326647
1772589219.6638713,1.0771400151784678,-2.019680226421249
1772589219.6837502,1.0745533677531465,-2.0194060903030535
1772589219.7038178,1.0719661544446353,-2.0191325923410903
1772589219.7238603,1.0693797643294483,-2.0188501358265363
1772589219.7439423,1.0667936827847109,-2.0185649125333405
1772589219.7639387,1.0642079059310163,-2.018272321787381
1772589219.7838118,1.0613618519131054,-2.0179564150384692
1772589219.8039176,1.0590328009421976,-2.0176976921009566
1772589219.824076,1.0564469598335513,-2.0173927292764144
1772589219.8439312,1.0538619035395065,-2.0170811799570916
1772589219.8638203,1.05127566699013,-2.0167769333977303
1772589219.883935,1.0486905107420683,-2.01646411642878
1772589219.9040704,1.0461075498196792,-2.0161403770857698
1772589219.9242475,1.0435258060778332,-2.015808786133994
1772589219.9438791,1.0409449158141797,-2.015471394972558
1772589219.9638631,1.0383627326066467,-2.015139087528847
1772589219.9839756,1.0357813687114477,-2.0148010755843133
1772589220.003907,1.0332025961969855,-2.0144480891036287
1772589220.024012,1.0306230564814451,-2.0140960953944846
1772589220.0442739,1.0286886291365456,-2.0138294942176613
1772589220.064261,1.0261103977218542,-2.013467908026572
1772589220.084218,1.0241773249531423,-2.0131926975133725
1772589220.1042342,1.0218583611027896,-2.012857789207864
1772589220.124588,1.0190249953550332,-2.0124422209907586
1772589220.144522,1.0164489235299892,-2.0120650373333993
1772589220.1664054,1.015161251040674,-2.011874053250022
1772589220.1855717,1.011944062365031,-2.0113864882680255
1772589220.2041826,1.0093712389159692,-2.010990504921368
1772589220.2278106,1.0067990945395662,-2.010590355313284
1772589220.2454648,1.0042270307987597,-2.0101873172691116
1772589220.2642455,1.0016555299808942,-2.009780055295828
1772589220.2840014,0.9990854832505397,-2.0093651146507914
1772589220.3043668,0.9965162409896636,-2.008945120695939
1772589220.3242862,0.9939481057602673,-2.0085194370274513
1772589220.3441348,0.9912522786921967,-2.0080674743087803
1772589220.3663719,0.9888139616322377,-2.007653863256332
1772589220.38397,0.9857076093793444,-2.007035753462816
1772589220.4039824,0.9831426499844405,-2.0065901921209615
1772589220.4240372,0.9805790804441454,-2.0061385870716184
1772589220.4440672,0.9780161307668844,-2.00568250905369
1772589220.46393,0.9754540495136599,-2.0052215129095488
1772589220.484045,0.9728925238939021,-2.004755224186824
1772589220.5039518,0.9703319691354739,-2.0042838929637092
1772589220.524178,0.9677728187405374,-2.003808235616914
1772589220.5439894,0.9652143668271614,-2.0033267635176637
1772589220.5640368,0.9626568299963959,-2.0028400687378967
1772589220.5840366,0.9601003738760672,-2.0023482225242666
1772589220.6041367,0.9575448965042294,-2.00185130214492
1772589220.623927,0.954990429786392,-2.0013505261511058
1772589220.6440003,0.9521816294557052,-2.0007928102339343
1772589220.663873,0.9498844178757896,-2.000331653443198
1772589220.6838558,0.947332899712821,-1.9998157527715843
1772589220.7038999,0.9447824016498273,-1.999294912254072
